1609488000 124.55 124.55 95.72 101.49
1609574400 101.49 134.06 119.84 135.85
1609660800 135.85 135.85 121.74 102.45
1609747200 102.45 127.25 124.88 94.46
1609833600 94.46 131.05 115.24 130.34
1609920000 130.34 138.74 101.60 129.37
1610006400 129.37 129.37 93.26 99.96
1610092800 99.96 132.84 126.78 101.55
1610179200 101.55 117.77 108.58 132.35
1610265600 132.35 137.69 124.61 119.38
1610352000 119.38 129.18 102.31 121.42
1610438400 121.42 121.42 106.44 125.67
1610524800 125.67 125.67 100.35 102.54
1610611200 102.54 130.35 105.52 122.11
1610697600 122.11 122.11 107.24 130.07
1610784000 130.07 130.82 108.99 101.59
1610870400 101.59 133.11 100.99 128.17
1610956800 128.17 128.17 107.04 122.21
1611043200 122.21 122.21 96.05 96.82
1611129600 96.82 133.28 94.60 112.38
1611216000 112.38 114.29 114.19 119.40
1611302400 119.40 129.32 103.43 105.01
1611388800 105.01 117.96 112.02 108.72
1611475200 108.72 121.16 118.08 93.26
1611561600 93.26 131.52 130.73 102.29
1611648000 102.29 109.77 99.66 132.43
1611734400 132.43 132.43 104.90 100.01
1611820800 100.01 125.25 111.39 139.02
1611907200 139.02 139.02 97.92 105.62
1611993600 105.62 128.06 103.19 94.97
1612080000 94.97 128.69 97.56 116.75
1612166400 116.75 116.75 101.72 111.83
1612252800 111.83 113.79 109.69 107.36
1612339200 107.36 114.92 97.31 112.03
1612425600 112.03 112.03 109.32 105.52
1612512000 105.52 108.97 93.55 127.66
1612598400 127.66 127.66 106.61 119.78
1612684800 119.78 119.78 102.24 119.81
1612771200 119.81 134.84 115.73 98.42
1612857600 98.42 131.31 103.42 126.08
1612944000 126.08 126.08 100.35 137.03
1613030400 137.03 139.93 99.00 137.66
1613116800 137.66 137.66 123.16 115.27
1613203200 115.27 138.76 98.65 96.36
1613289600 96.36 108.34 103.45 109.08
1613376000 109.08 126.10 97.46 124.21
1613462400 124.21 127.22 96.11 117.33
1613548800 117.33 135.73 108.04 105.37
1613635200 105.37 138.89 123.62 96.31
1613721600 96.31 132.97 124.76 114.41
1613808000 114.41 120.46 113.61 135.22
1613894400 135.22 135.22 99.84 136.46
1613980800 136.46 136.46 120.84 111.60
1614067200 111.60 127.08 114.89 111.18
1614153600 111.18 139.24 135.43 136.01
1614240000 136.01 136.01 118.47 125.15
1614326400 125.15 125.15 101.04 115.62
1614412800 115.62 138.03 112.97 111.73
1614499200 111.73 122.47 103.28 110.20
1614585600 110.20 136.66 101.34 124.98
1614672000 124.98 124.98 114.57 124.26
1614758400 124.26 124.26 97.86 109.04
1614844800 109.04 138.30 101.87 114.04
1614931200 114.04 122.17 118.53 138.86
1615017600 138.86 138.86 119.56 128.75
1615104000 128.75 139.69 123.93 124.00
1615190400 124.00 128.53 123.84 129.60
1615276800 129.60 139.07 117.38 112.30
1615363200 112.30 138.88 113.20 137.51
1615449600 137.51 137.51 115.25 137.09
1615536000 137.09 137.09 94.04 93.80
1615622400 93.80 137.94 103.26 131.57
1615708800 131.57 139.18 132.51 99.42
1615795200 99.42 128.10 93.41 117.73
1615881600 117.73 133.02 129.63 107.85
1615968000 107.85 131.79 113.47 110.67
1616054400 110.67 136.13 128.82 109.04
1616140800 109.04 109.04 96.05 100.37
1616227200 100.37 133.87 99.27 139.64
1616313600 139.64 139.64 97.10 114.84
1616400000 114.84 117.54 99.79 105.68
1616486400 105.68 132.33 113.59 115.43
1616572800 115.43 126.13 111.90 116.81
1616659200 116.81 127.37 107.69 112.61
1616745600 112.61 121.65 102.05 124.38
1616832000 124.38 127.01 113.28 134.67
1616918400 134.67 134.67 93.08 130.98
1617004800 130.98 130.98 106.91 103.24
1617091200 103.24 137.23 107.39 117.13
1617177600 117.13 139.84 110.73 119.05
1617264000 119.05 136.21 118.41 113.07
1617350400 113.07 136.10 109.97 112.76
1617436800 112.76 112.82 97.13 100.05
1617523200 100.05 117.95 94.63 115.27
1617609600 115.27 118.28 96.71 138.97
1617696000 138.97 138.97 108.97 124.28
1617782400 124.28 124.28 93.80 94.11
1617868800 94.11 120.11 97.21 93.43
1617955200 93.43 103.76 95.44 136.13
1618041600 136.13 136.13 111.24 129.62
1618128000 129.62 129.62 97.49 135.87
1618214400 135.87 135.87 111.55 104.65
1618300800 104.65 104.65 93.77 107.89
1618387200 107.89 108.38 102.06 121.13
1618473600 121.13 121.13 110.38 136.83
1618560000 136.83 136.96 135.32 94.62
1618646400 94.62 101.89 96.97 137.20
1618732800 137.20 137.20 118.59 139.89
1618819200 139.89 139.89 126.03 97.68
1618905600 97.68 97.68 95.64 99.40
1618992000 99.40 132.53 97.84 139.76
1619078400 139.76 139.76 125.43 100.54
1619164800 100.54 123.22 98.61 108.35
1619251200 108.35 109.37 107.05 113.11
1619337600 113.11 133.75 133.15 134.94
1619424000 134.94 135.07 111.41 97.73
1619510400 97.73 112.43 105.99 115.74
1619596800 115.74 132.12 119.77 107.90
1619683200 107.90 126.37 121.04 112.69
1619769600 112.69 125.13 106.36 113.05
1619856000 113.05 113.05 106.52 105.29
1619942400 105.29 134.29 120.99 120.62
1620028800 120.62 123.68 108.57 115.34
1620115200 115.34 126.46 123.37 116.21
1620201600 116.21 125.81 124.19 127.00
1620288000 127.00 127.00 112.04 93.70
1620374400 93.70 131.33 119.61 103.51
1620460800 103.51 136.87 126.96 106.68
1620547200 106.68 137.35 112.66 109.97
1620633600 109.97 132.47 104.11 105.80
1620720000 105.80 131.69 121.39 96.04
1620806400 96.04 113.65 96.96 111.88
1620892800 111.88 134.20 109.00 99.31
1620979200 99.31 113.00 98.32 122.10
1621065600 122.10 122.10 93.14 133.91
1621152000 133.91 137.41 128.15 112.21
1621238400 112.21 136.74 127.41 109.51
1621324800 109.51 112.24 104.04 104.30
1621411200 104.30 112.41 95.80 120.63
1621497600 120.63 120.63 97.80 128.43
1621584000 128.43 128.43 119.49 102.12
1621670400 102.12 126.82 95.19 124.51
1621756800 124.51 129.08 122.32 133.09
1621843200 133.09 133.09 95.09 134.19
1621929600 134.19 139.57 138.90 123.67
1622016000 123.67 126.68 106.90 111.66
1622102400 111.66 131.61 104.84 120.58
1622188800 120.58 131.16 102.36 129.65
1622275200 129.65 129.65 113.07 101.18
1622361600 101.18 114.21 102.45 95.23
1622448000 95.23 120.23 113.47 95.25
1622534400 95.25 126.97 124.71 117.24
1622620800 117.24 139.73 103.74 109.04
1622707200 109.04 113.21 104.55 112.31
1622793600 112.31 117.78 107.10 93.86
1622880000 93.86 118.80 96.17 136.91
1622966400 136.91 136.91 97.80 116.78
1623052800 116.78 136.07 135.84 95.38
1623139200 95.38 129.08 127.32 135.33
1623225600 135.33 135.33 103.65 122.42
1623312000 122.42 122.42 96.03 137.29
1623398400 137.29 137.29 111.13 102.90
1623484800 102.90 115.80 102.58 110.34
1623571200 110.34 117.87 99.50 111.74
1623657600 111.74 133.90 115.89 116.44
1623744000 116.44 136.24 96.49 122.46
1623830400 122.46 122.46 95.84 125.59
1623916800 125.59 126.11 97.43 137.17
1624003200 137.17 137.17 112.20 94.85
1624089600 94.85 133.97 96.65 134.89
1624176000 134.89 134.89 108.95 122.36
1624262400 122.36 128.64 100.41 126.44
1624348800 126.44 126.44 93.87 98.65
1624435200 98.65 132.00 112.69 120.88
1624521600 120.88 132.92 101.78 130.04
1624608000 130.04 130.04 111.02 101.80
1624694400 101.80 118.73 112.07 122.37
1624780800 122.37 122.37 93.21 107.86
1624867200 107.86 124.11 117.27 118.00
1624953600 118.00 118.00 99.81 94.59
1625040000 94.59 112.81 100.48 94.57
1625126400 94.57 109.86 106.06 97.17
1625212800 97.17 116.21 103.89 111.09
1625299200 111.09 130.13 108.31 94.53
1625385600 94.53 131.12 104.27 108.95
1625472000 108.95 118.84 114.15 93.41
1625558400 93.41 123.30 113.54 116.38
1625644800 116.38 138.10 105.25 118.89
1625731200 118.89 118.89 93.43 131.75
1625817600 131.75 137.96 98.05 121.37
1625904000 121.37 134.14 127.41 129.05
1625990400 129.05 129.05 98.10 98.00
1626076800 98.00 138.44 123.68 118.99
1626163200 118.99 129.36 109.68 102.94
1626249600 102.94 133.26 131.08 123.40
1626336000 123.40 123.40 105.95 133.85
1626422400 133.85 133.85 107.77 130.57
1626508800 130.57 137.11 116.24 121.33
1626595200 121.33 138.16 137.72 104.01
1626681600 104.01 123.42 107.69 132.07
1626768000 132.07 132.07 94.40 137.70
1626854400 137.70 137.70 94.76 123.63
1626940800 123.63 130.88 95.55 116.24
1627027200 116.24 132.61 109.93 134.45
1627113600 134.45 137.86 121.50 124.64
1627200000 124.64 124.64 110.43 132.51
1627286400 132.51 132.51 101.21 96.98
1627372800 96.98 118.36 115.62 103.92
1627459200 103.92 115.25 112.51 132.91
1627545600 132.91 132.91 119.17 98.95
1627632000 98.95 107.14 101.42 96.66
1627718400 96.66 125.87 96.03 101.59
1627804800 101.59 135.50 116.71 100.48
1627891200 100.48 107.13 94.38 97.90
1627977600 97.90 119.95 105.69 110.72
1628064000 110.72 119.11 103.41 102.25
1628150400 102.25 109.44 103.17 119.66
1628236800 119.66 129.39 129.18 94.15
1628323200 94.15 128.39 128.16 130.16
1628409600 130.16 130.16 112.18 95.66
1628496000 95.66 128.19 96.84 93.98
1628582400 93.98 134.69 106.33 121.86
1628668800 121.86 139.33 110.16 129.46
1628755200 129.46 129.46 100.34 105.91
1628841600 105.91 118.84 107.20 99.96
1628928000 99.96 111.09 100.88 122.86
1629014400 122.86 122.86 95.57 105.34
1629100800 105.34 116.79 111.57 115.82
1629187200 115.82 138.26 134.06 139.53
1629273600 139.53 139.53 106.50 100.62
1629360000 100.62 128.87 116.58 137.63
1629446400 137.63 137.63 103.08 115.08
1629532800 115.08 126.01 111.36 139.14
1629619200 139.14 139.14 95.65 121.74
1629705600 121.74 130.64 97.36 120.89
1629792000 120.89 129.49 102.27 128.05
1629878400 128.05 131.06 116.26 124.03
1629964800 124.03 135.86 96.04 123.04
1630051200 123.04 123.04 111.06 132.40
1630137600 132.40 135.63 132.89 101.89
1630224000 101.89 106.78 104.99 98.54
1630310400 98.54 131.03 116.79 104.56
1630396800 104.56 139.05 113.38 99.16
1630483200 99.16 138.95 107.61 96.71
1630569600 96.71 132.40 122.10 112.18
1630656000 112.18 136.22 129.43 139.20
1630742400 139.20 139.20 113.80 96.82
1630828800 96.82 131.15 117.51 115.29
1630915200 115.29 131.08 103.72 139.84
1631001600 139.84 139.84 129.10 118.83
1631088000 118.83 118.83 95.21 115.98
1631174400 115.98 135.47 126.26 125.56
1631260800 125.56 125.56 109.72 132.49
1631347200 132.49 136.96 112.28 97.06
1631433600 97.06 130.64 117.88 129.65
1631520000 129.65 130.12 117.44 103.22
1631606400 103.22 136.65 112.00 139.78
1631692800 139.78 139.78 95.65 125.25
1631779200 125.25 126.48 109.18 135.19
1631865600 135.19 135.19 104.16 129.28
1631952000 129.28 132.78 124.07 107.78
1632038400 107.78 124.75 108.11 123.87
1632124800 123.87 134.69 134.05 120.81
1632211200 120.81 134.25 93.01 105.79
1632297600 105.79 105.79 100.64 103.40
1632384000 103.40 139.60 96.40 111.38
1632470400 111.38 137.52 93.28 104.29
1632556800 104.29 104.46 103.37 132.78
1632643200 132.78 132.78 93.82 100.60
1632729600 100.60 136.07 117.31 98.08
1632816000 98.08 135.16 122.86 107.87
1632902400 107.87 135.42 123.66 94.42
1632988800 94.42 98.98 97.81 112.98
1633075200 112.98 138.50 110.66 104.26
1633161600 104.26 120.29 115.49 103.25
1633248000 103.25 124.50 103.73 126.27
1633334400 126.27 126.27 107.73 107.73
1633420800 107.73 126.99 96.79 122.77
1633507200 122.77 122.77 93.83 114.86
1633593600 114.86 119.78 113.02 96.80
1633680000 96.80 136.51 126.28 128.27
1633766400 128.27 139.59 117.74 136.31
1633852800 136.31 136.31 129.54 131.31
1633939200 131.31 139.59 119.66 110.53
1634025600 110.53 139.03 113.37 98.82
1634112000 98.82 128.93 124.82 137.73
1634198400 137.73 137.73 105.20 116.07
1634284800 116.07 116.07 97.54 100.50
1634371200 100.50 138.56 94.28 129.46
1634457600 129.46 129.46 109.71 127.61
1634544000 127.61 127.61 99.93 116.26
1634630400 116.26 116.26 98.16 126.48
1634716800 126.48 126.48 108.74 100.08
1634803200 100.08 111.66 94.99 127.89
1634889600 127.89 127.89 93.62 99.89
1634976000 99.89 139.40 120.63 105.40
1635062400 105.40 127.32 109.05 118.83
1635148800 118.83 135.28 130.55 138.53
1635235200 138.53 138.53 106.81 96.57
1635321600 96.57 136.77 123.46 135.48
1635408000 135.48 135.48 95.94 124.48
1635494400 124.48 137.51 123.56 135.96
1635580800 135.96 135.96 119.66 131.68
1635667200 131.68 133.25 114.51 105.17
1635753600 105.17 137.62 116.52 132.31
1635840000 132.31 132.31 101.67 103.18
1635926400 103.18 133.91 127.15 115.24
1636012800 115.24 134.83 106.83 113.26
1636099200 113.26 127.73 112.29 111.86
1636185600 111.86 119.33 97.87 124.35
1636272000 124.35 124.35 102.64 120.54
1636358400 120.54 130.25 116.92 124.69
1636444800 124.69 129.37 94.50 116.80
1636531200 116.80 116.80 108.65 132.43
1636617600 132.43 132.43 97.57 101.78
1636704000 101.78 131.22 107.68 113.69
1636790400 113.69 134.82 97.48 112.60
1636876800 112.60 137.86 98.50 126.00
1636963200 126.00 126.00 103.44 101.34
1637049600 101.34 119.78 96.10 126.44
1637136000 126.44 131.15 121.82 109.60
1637222400 109.60 114.20 113.30 118.95
1637308800 118.95 118.95 104.55 99.42
1637395200 99.42 104.77 104.50 116.99
1637481600 116.99 136.37 106.16 132.40
1637568000 132.40 138.51 110.26 108.80
1637654400 108.80 126.16 111.88 133.64
1637740800 133.64 133.64 107.82 114.11
1637827200 114.11 135.59 111.35 126.65
1637913600 126.65 126.65 105.91 95.02
1638000000 95.02 138.37 110.70 124.48
1638086400 124.48 133.32 114.57 127.42
1638172800 127.42 132.51 127.18 93.27
1638259200 93.27 131.10 129.77 104.87
1638345600 104.87 109.93 95.13 121.43
1638432000 121.43 131.24 96.96 119.80
1638518400 119.80 125.07 97.36 97.13
1638604800 97.13 139.82 137.52 105.66
1638691200 105.66 108.43 102.20 128.97
1638777600 128.97 130.40 116.14 129.12
1638864000 129.12 129.12 96.34 125.12
1638950400 125.12 128.94 106.14 115.92
1639036800 115.92 120.20 112.84 102.96
1639123200 102.96 116.75 94.08 114.84
1639209600 114.84 136.11 111.45 124.64
1639296000 124.64 137.82 126.61 137.59
1639382400 137.59 137.59 112.81 115.59
1639468800 115.59 130.87 106.06 103.41
1639555200 103.41 121.75 110.98 111.76
1639641600 111.76 119.01 95.76 109.77
1639728000 109.77 117.61 99.90 114.66
1639814400 114.66 114.66 106.81 125.95
1639900800 125.95 135.14 118.29 124.90
1639987200 124.90 124.90 104.95 120.73
1640073600 120.73 120.73 101.77 131.54
1640160000 131.54 131.54 103.44 136.02
1640246400 136.02 136.02 125.74 126.50
1640332800 126.50 126.50 100.77 126.08
1640419200 126.08 131.11 97.75 108.87
1640505600 108.87 131.13 121.43 115.27
1640592000 115.27 115.27 98.60 103.15
1640678400 103.15 116.15 102.51 125.27
1640764800 125.27 126.75 109.49 100.74
1640851200 100.74 114.43 98.53 120.29
1640937600 120.29 138.01 127.72 112.77
1641024000 112.77 124.47 95.13 121.25
1641110400 121.25 121.25 99.84 119.85
1641196800 119.85 119.85 111.87 129.09
1641283200 129.09 129.09 107.74 100.51
1641369600 100.51 106.20 93.92 124.45
1641456000 124.45 139.49 109.27 98.27
1641542400 98.27 139.50 137.15 139.27
1641628800 139.27 139.27 102.38 133.16
1641715200 133.16 133.16 118.84 110.62
1641801600 110.62 134.68 103.33 98.46
1641888000 98.46 137.55 135.25 114.27
1641974400 114.27 114.59 101.35 132.12
1642060800 132.12 136.28 135.49 99.49
1642147200 99.49 106.38 93.11 111.21
1642233600 111.21 126.19 122.43 136.45
1642320000 136.45 136.45 122.22 137.34
1642406400 137.34 137.90 106.16 104.72
1642492800 104.72 129.51 121.15 98.28
1642579200 98.28 134.06 108.90 96.98
1642665600 96.98 139.02 120.25 98.98
1642752000 98.98 122.71 110.94 127.70
1642838400 127.70 127.70 100.25 93.03
1642924800 93.03 121.82 120.18 93.95
1643011200 93.95 119.02 100.23 123.13
1643097600 123.13 126.89 123.62 93.73
1643184000 93.73 138.04 103.40 100.14
1643270400 100.14 110.52 109.33 124.08
1643356800 124.08 124.08 109.45 131.45
1643443200 131.45 135.38 123.69 99.46
1643529600 99.46 136.11 97.78 104.89
1643616000 104.89 128.03 113.74 105.80
1643702400 105.80 110.65 95.94 94.71
1643788800 94.71 131.53 94.88 114.65
1643875200 114.65 132.46 127.76 121.52
1643961600 121.52 138.26 97.93 108.02
1644048000 108.02 127.92 118.13 110.90
1644134400 110.90 110.90 98.28 138.84
1644220800 138.84 138.84 102.44 132.50
1644307200 132.50 132.50 106.75 119.46
1644393600 119.46 119.46 100.14 117.91
1644480000 117.91 135.61 133.25 134.37
1644566400 134.37 138.67 125.20 136.74
1644652800 136.74 136.74 118.36 100.38
1644739200 100.38 108.72 93.36 108.91
1644825600 108.91 139.60 110.85 98.52
1644912000 98.52 118.00 96.18 111.50
1644998400 111.50 111.50 95.23 138.78
1645084800 138.78 138.78 96.46 107.42
1645171200 107.42 129.96 94.75 130.26
1645257600 130.26 134.58 131.55 128.86
1645344000 128.86 129.03 115.24 101.79
1645430400 101.79 114.39 102.02 113.15
1645516800 113.15 137.58 135.38 139.91
1645603200 139.91 139.91 100.09 132.18
1645689600 132.18 132.18 101.98 94.99
1645776000 94.99 133.79 128.00 113.77
1645862400 113.77 129.04 120.80 117.00
1645948800 117.00 117.00 108.35 94.83
1646035200 94.83 102.36 102.07 113.60
1646121600 113.60 127.27 100.61 109.37
1646208000 109.37 127.11 99.90 111.08
1646294400 111.08 128.31 127.67 105.44
1646380800 105.44 135.23 103.46 98.01
1646467200 98.01 100.94 99.23 100.95
1646553600 100.95 129.95 125.18 139.97
1646640000 139.97 139.97 93.29 101.05
1646726400 101.05 117.77 113.44 93.01
1646812800 93.01 112.78 110.45 125.56
1646899200 125.56 125.56 93.48 95.48
1646985600 95.48 98.94 93.19 122.96
1647072000 122.96 129.44 94.20 110.94
1647158400 110.94 137.69 132.45 139.46
1647244800 139.46 139.46 95.79 126.03
1647331200 126.03 139.27 131.50 117.05
1647417600 117.05 136.98 106.25 118.01
1647504000 118.01 128.78 107.44 100.07
1647590400 100.07 125.79 106.42 123.55
1647676800 123.55 125.48 102.23 119.56
1647763200 119.56 132.59 105.83 98.14
1647849600 98.14 137.48 104.36 98.61
1647936000 98.61 125.04 102.31 131.09
1648022400 131.09 131.09 106.67 119.56
1648108800 119.56 131.77 96.72 123.47
1648195200 123.47 134.24 98.37 104.57
1648281600 104.57 138.16 108.35 106.59
1648368000 106.59 130.83 117.59 120.37
1648454400 120.37 120.37 93.32 134.53
1648540800 134.53 139.45 115.30 135.08
1648627200 135.08 138.80 128.02 109.56
1648713600 109.56 136.83 104.45 119.63
1648800000 119.63 132.30 128.76 95.81
1648886400 95.81 129.23 128.66 119.56
1648972800 119.56 124.80 101.46 116.25
1649059200 116.25 116.25 97.05 107.50
1649145600 107.50 135.58 135.25 115.03
1649232000 115.03 119.26 117.97 113.84
1649318400 113.84 114.58 97.22 130.85
1649404800 130.85 130.85 103.48 109.94
1649491200 109.94 109.94 101.98 120.16
1649577600 120.16 135.02 105.64 113.33
1649664000 113.33 135.21 121.86 111.11
1649750400 111.11 138.16 113.25 137.79
1649836800 137.79 137.79 101.63 113.92
1649923200 113.92 125.89 100.31 121.65
1650009600 121.65 136.47 104.15 138.74
1650096000 138.74 138.74 93.77 100.99
1650182400 100.99 121.35 116.69 100.60
1650268800 100.60 122.37 122.04 107.27
1650355200 107.27 123.21 121.61 114.39
1650441600 114.39 119.42 108.76 133.63
1650528000 133.63 133.63 124.43 116.21
1650614400 116.21 116.90 94.57 119.26
1650700800 119.26 119.26 100.49 131.95
1650787200 131.95 135.73 133.11 105.98
1650873600 105.98 116.44 98.31 125.61
1650960000 125.61 134.57 101.99 117.86
1651046400 117.86 122.36 93.84 120.84
1651132800 120.84 126.67 107.21 112.40
1651219200 112.40 127.93 115.72 133.01
1651305600 133.01 133.01 93.25 101.09
1651392000 101.09 101.09 95.39 136.50
1651478400 136.50 136.50 105.75 109.53
1651564800 109.53 136.24 95.90 112.55
1651651200 112.55 127.28 111.60 104.82
1651737600 104.82 130.38 120.30 110.70
1651824000 110.70 125.88 125.09 131.85
1651910400 131.85 131.85 93.37 100.35
1651996800 100.35 136.17 94.33 131.93
1652083200 131.93 138.26 136.63 107.40
1652169600 107.40 121.95 115.77 98.86
1652256000 98.86 138.34 116.63 121.39
1652342400 121.39 121.39 100.71 133.88
1652428800 133.88 133.88 99.38 124.34
1652515200 124.34 124.34 104.12 114.84
1652601600 114.84 114.84 99.43 114.40
1652688000 114.40 117.10 100.88 108.87
1652774400 108.87 138.68 94.32 98.44
1652860800 98.44 126.15 95.60 101.89
1652947200 101.89 139.96 131.73 106.72
1653033600 106.72 117.64 110.98 138.75
1653120000 138.75 138.75 126.97 139.74
1653206400 139.74 139.74 101.45 97.23
1653292800 97.23 117.92 97.62 131.68
1653379200 131.68 131.68 111.40 127.17
1653465600 127.17 138.87 102.51 97.64
1653552000 97.64 133.54 111.77 115.54
1653638400 115.54 122.46 96.83 119.00
1653724800 119.00 122.92 112.26 110.03
1653811200 110.03 137.40 107.72 117.50
1653897600 117.50 124.19 108.86 137.95
1653984000 137.95 137.95 94.76 113.53
1654070400 113.53 128.35 122.67 109.51
1654156800 109.51 128.58 100.92 105.82
1654243200 105.82 135.63 110.27 101.50
1654329600 101.50 120.31 108.10 100.00
1654416000 100.00 102.88 95.02 126.98
1654502400 126.98 138.15 119.38 114.15
1654588800 114.15 128.63 93.93 130.64
1654675200 130.64 130.64 93.63 112.62
1654761600 112.62 130.80 130.56 109.56
1654848000 109.56 137.23 124.88 119.47
1654934400 119.47 134.17 114.94 97.50
1655020800 97.50 136.40 127.13 135.49
1655107200 135.49 137.89 121.19 98.95
1655193600 98.95 130.66 118.31 96.45
1655280000 96.45 122.78 93.13 104.86
1655366400 104.86 111.79 93.90 109.50
1655452800 109.50 115.96 98.16 116.94
1655539200 116.94 132.84 103.63 98.40
1655625600 98.40 128.54 107.17 96.31
1655712000 96.31 133.23 103.99 100.68
1655798400 100.68 139.48 106.15 100.69
1655884800 100.69 100.69 93.07 106.30
1655971200 106.30 130.49 100.19 119.74
1656057600 119.74 128.52 118.66 129.78
1656144000 129.78 129.78 118.89 98.67
1656230400 98.67 123.36 120.13 98.49
1656316800 98.49 134.15 110.89 103.92
1656403200 103.92 125.90 107.54 124.11
1656489600 124.11 124.11 97.79 139.10
1656576000 139.10 139.10 115.94 136.56
1656662400 136.56 136.56 99.13 111.84
1656748800 111.84 138.30 117.03 106.30
1656835200 106.30 124.56 113.19 96.86
1656921600 96.86 106.44 96.67 93.67
1657008000 93.67 113.35 110.71 114.46
1657094400 114.46 120.14 109.36 129.37
1657180800 129.37 136.26 127.49 125.26
1657267200 125.26 131.78 116.95 119.73
1657353600 119.73 133.96 123.67 107.80
1657440000 107.80 116.50 98.77 97.53
1657526400 97.53 137.46 101.69 105.44
1657612800 105.44 125.41 110.67 120.51
1657699200 120.51 120.51 103.09 126.85
1657785600 126.85 126.85 104.55 130.32
1657872000 130.32 130.32 93.46 135.89
1657958400 135.89 138.36 108.59 138.13
1658044800 138.13 138.13 96.38 124.63
1658131200 124.63 137.54 115.86 94.65
1658217600 94.65 97.43 93.76 99.52
1658304000 99.52 128.91 95.13 118.98
1658390400 118.98 118.98 101.16 126.33
1658476800 126.33 126.33 111.49 110.25
1658563200 110.25 110.25 103.21 137.96
1658649600 137.96 137.96 100.09 129.88
1658736000 129.88 129.88 106.55 137.15
1658822400 137.15 137.15 95.91 116.68
1658908800 116.68 116.68 101.25 130.03
1658995200 130.03 136.52 118.76 105.30
1659081600 105.30 116.54 110.77 99.50
1659168000 99.50 117.30 112.66 110.42
1659254400 110.42 139.05 99.26 137.02
1659340800 137.02 139.70 101.07 97.24
1659427200 97.24 123.31 94.51 139.07
1659513600 139.07 139.07 119.17 110.88
1659600000 110.88 137.58 99.50 94.27
1659686400 94.27 134.50 125.08 108.51
1659772800 108.51 108.51 97.97 102.95
1659859200 102.95 137.00 102.41 96.89
1659945600 96.89 135.47 134.88 110.24
1660032000 110.24 134.16 100.73 126.16
1660118400 126.16 126.16 113.47 125.42
1660204800 125.42 131.88 123.83 134.83
1660291200 134.83 138.57 111.53 96.99
1660377600 96.99 113.38 105.46 121.82
1660464000 121.82 121.82 96.87 102.91
1660550400 102.91 136.72 119.73 95.61
1660636800 95.61 130.08 107.63 113.08
1660723200 113.08 113.08 95.23 98.15
1660809600 98.15 116.38 106.26 104.68
1660896000 104.68 121.72 97.27 98.59
1660982400 98.59 120.22 100.74 99.09
1661068800 99.09 130.60 120.45 104.43
1661155200 104.43 122.78 102.70 128.13
1661241600 128.13 129.88 93.12 137.05
1661328000 137.05 137.05 121.87 138.08
1661414400 138.08 138.08 113.72 98.16
1661500800 98.16 111.00 95.82 94.82
1661587200 94.82 126.54 100.88 108.87
1661673600 108.87 123.04 105.26 111.91
1661760000 111.91 133.84 132.40 110.86
1661846400 110.86 110.86 104.06 139.95
1661932800 139.95 139.95 115.09 131.96
1662019200 131.96 131.96 120.09 129.93
1662105600 129.93 130.13 104.90 101.57
1662192000 101.57 127.04 101.41 94.28
1662278400 94.28 135.34 106.89 125.62
1662364800 125.62 125.62 113.23 110.19
1662451200 110.19 135.65 107.58 105.45
1662537600 105.45 130.59 121.16 95.92
1662624000 95.92 117.19 96.08 110.96
1662710400 110.96 139.30 103.61 124.53
1662796800 124.53 125.00 107.66 101.46
1662883200 101.46 106.40 103.48 129.80
1662969600 129.80 129.80 103.69 118.59
1663056000 118.59 134.27 131.88 126.06
1663142400 126.06 129.88 99.57 121.30
1663228800 121.30 121.30 114.55 132.65
1663315200 132.65 132.65 116.56 99.14
1663401600 99.14 118.50 96.18 127.84
1663488000 127.84 134.29 99.08 138.40
1663574400 138.40 138.40 99.64 132.50
1663660800 132.50 139.33 104.64 139.43
1663747200 139.43 139.43 93.84 118.03
1663833600 118.03 132.17 127.04 125.84
1663920000 125.84 136.00 103.64 115.81
1664006400 115.81 115.81 104.47 98.28
1664092800 98.28 123.03 105.43 109.81
1664179200 109.81 127.83 125.69 95.50
1664265600 95.50 125.77 93.52 102.07
1664352000 102.07 139.01 127.45 98.80
1664438400 98.80 130.62 118.51 97.24
1664524800 97.24 110.71 103.54 96.04
1664611200 96.04 139.22 117.20 130.45
1664697600 130.45 130.45 103.13 106.46
1664784000 106.46 128.97 105.69 106.49
1664870400 106.49 109.16 98.18 120.22
1664956800 120.22 123.09 106.98 98.78
1665043200 98.78 109.99 94.57 107.42
1665129600 107.42 127.23 119.13 100.93
1665216000 100.93 132.96 95.95 99.47
1665302400 99.47 138.02 137.67 102.59
1665388800 102.59 128.97 102.00 135.08
1665475200 135.08 135.08 102.03 110.58
1665561600 110.58 130.63 123.37 121.27
1665648000 121.27 121.89 117.75 137.20
1665734400 137.20 139.21 122.68 94.68
1665820800 94.68 111.36 106.85 113.31
1665907200 113.31 138.35 133.47 102.12
1665993600 102.12 120.39 98.97 138.93
1666080000 138.93 138.93 113.69 128.24
1666166400 128.24 128.62 98.68 98.47
1666252800 98.47 130.60 103.63 132.72
1666339200 132.72 132.72 111.75 114.06
1666425600 114.06 125.08 106.98 130.88
1666512000 130.88 131.86 121.20 112.33
1666598400 112.33 112.33 105.23 135.93
1666684800 135.93 136.07 126.81 99.50
1666771200 99.50 138.01 121.22 129.81
1666857600 129.81 129.81 105.78 102.63
1666944000 102.63 121.60 102.47 111.59
1667030400 111.59 139.08 111.82 116.73
1667116800 116.73 135.06 105.09 135.82
1667203200 135.82 135.82 111.32 103.77
1667289600 103.77 122.01 95.56 94.67
1667376000 94.67 134.04 128.14 132.16
1667462400 132.16 134.42 106.43 128.00
1667548800 128.00 128.00 96.11 129.07
1667635200 129.07 129.07 112.95 119.11
1667721600 119.11 129.06 105.85 123.86
1667808000 123.86 132.86 118.65 98.95
1667894400 98.95 134.97 110.14 95.44
1667980800 95.44 133.48 108.58 125.47
1668067200 125.47 132.19 97.05 124.95
1668153600 124.95 124.95 96.11 103.28
1668240000 103.28 105.53 96.76 112.99
1668326400 112.99 133.83 94.58 124.98
1668412800 124.98 124.98 95.47 122.38
1668499200 122.38 122.38 114.49 107.07
1668585600 107.07 112.89 95.67 118.43
1668672000 118.43 118.43 97.49 102.36
1668758400 102.36 121.54 96.16 112.39
1668844800 112.39 127.57 121.20 121.72
1668931200 121.72 123.25 96.12 126.37
1669017600 126.37 132.61 107.83 103.92
1669104000 103.92 126.38 114.97 110.79
1669190400 110.79 125.54 98.83 131.95
1669276800 131.95 135.41 104.90 135.80
1669363200 135.80 135.80 111.34 139.23
1669449600 139.23 139.23 126.15 139.24
1669536000 139.24 139.24 96.53 125.84
1669622400 125.84 139.74 137.58 134.39
1669708800 134.39 134.39 115.75 94.00
1669795200 94.00 122.81 113.59 120.37
1669881600 120.37 129.17 112.02 105.27
1669968000 105.27 122.86 114.14 110.07
1670054400 110.07 124.69 102.31 114.50
1670140800 114.50 124.39 111.84 122.26
1670227200 122.26 127.90 122.74 125.73
1670313600 125.73 125.73 99.10 127.90
1670400000 127.90 127.90 125.44 139.31
1670486400 139.31 139.31 108.91 99.24
1670572800 99.24 138.38 123.08 98.31
1670659200 98.31 120.44 110.41 128.31
1670745600 128.31 128.31 99.56 121.78
1670832000 121.78 121.78 109.57 108.48
1670918400 108.48 128.34 119.66 134.37
1671004800 134.37 137.92 103.80 138.72
1671091200 138.72 138.72 108.83 109.69
1671177600 109.69 136.77 121.87 113.09
1671264000 113.09 123.96 110.68 106.86
1671350400 106.86 132.79 115.21 130.47
1671436800 130.47 130.68 122.00 123.79
1671523200 123.79 130.42 103.04 134.93
1671609600 134.93 134.93 129.85 118.02
1671696000 118.02 136.91 127.56 102.21
1671782400 102.21 139.35 97.67 133.54
1671868800 133.54 133.54 108.50 105.69
1671955200 105.69 133.41 103.73 102.05
1672041600 102.05 123.52 122.27 127.68
1672128000 127.68 139.32 134.73 136.04
1672214400 136.04 136.04 105.59 135.78
1672300800 135.78 139.47 106.80 100.72
1672387200 100.72 128.58 127.93 101.27
1672473600 101.27 112.60 102.95 134.26
1672560000 134.26 134.26 109.75 121.00
1672646400 121.00 121.00 98.75 97.08
1672732800 97.08 132.12 125.89 106.80
1672819200 106.80 129.82 110.71 108.03
1672905600 108.03 108.03 100.31 94.12
1672992000 94.12 129.17 114.31 139.94
1673078400 139.94 139.94 102.84 94.10
1673164800 94.10 120.46 113.81 136.79
1673251200 136.79 136.79 119.19 130.28
1673337600 130.28 130.28 95.29 99.12
1673424000 99.12 139.78 137.02 115.09
1673510400 115.09 126.61 115.95 124.38
1673596800 124.38 129.51 95.20 94.42
1673683200 94.42 130.55 99.69 99.41
1673769600 99.41 112.58 112.20 102.33
1673856000 102.33 119.91 101.60 115.79
1673942400 115.79 135.28 118.61 95.93
1674028800 95.93 137.23 108.79 120.33
1674115200 120.33 123.07 98.61 100.47
1674201600 100.47 123.21 116.21 116.94
1674288000 116.94 131.23 114.92 123.10
1674374400 123.10 133.69 98.38 102.57
1674460800 102.57 114.08 106.35 105.26
1674547200 105.26 126.30 105.22 100.05
1674633600 100.05 118.55 116.34 121.20
1674720000 121.20 133.02 122.12 130.33
1674806400 130.33 130.33 93.12 136.44
1674892800 136.44 136.44 99.84 138.29
1674979200 138.29 138.29 96.66 95.88
1675065600 95.88 125.84 100.16 102.68
1675152000 102.68 118.31 101.55 95.53
1675238400 95.53 129.67 117.57 128.21
1675324800 128.21 138.80 133.51 127.13
1675411200 127.13 127.13 95.18 96.96
1675497600 96.96 135.43 100.74 103.98
1675584000 103.98 131.32 108.60 94.63
1675670400 94.63 128.44 120.13 96.25
1675756800 96.25 116.82 100.06 123.40
1675843200 123.40 133.04 132.31 132.76
1675929600 132.76 137.55 122.22 128.31
1676016000 128.31 130.12 123.46 126.22
1676102400 126.22 126.22 97.15 102.93
1676188800 102.93 131.18 95.42 130.37
1676275200 130.37 132.62 107.40 133.37
1676361600 133.37 138.34 101.56 131.44
1676448000 131.44 131.44 112.58 95.84
1676534400 95.84 139.39 120.04 93.12
1676620800 93.12 116.42 107.05 93.62
1676707200 93.62 123.31 98.22 114.49
1676793600 114.49 137.88 98.57 114.32
1676880000 114.32 132.79 110.16 110.47
1676966400 110.47 122.27 94.71 109.46
1677052800 109.46 136.50 126.28 111.62
1677139200 111.62 132.56 101.63 121.40
1677225600 121.40 136.33 130.10 108.11
1677312000 108.11 129.61 102.89 116.61
1677398400 116.61 136.94 106.79 101.51
1677484800 101.51 130.39 111.76 135.96
1677571200 135.96 135.96 102.29 98.89
1677657600 98.89 108.50 96.50 109.52
1677744000 109.52 137.50 121.18 109.91
1677830400 109.91 115.81 102.35 93.18
1677916800 93.18 134.44 97.64 93.41
1678003200 93.41 133.87 124.01 117.14
1678089600 117.14 118.02 95.25 97.62
1678176000 97.62 130.95 95.15 133.52
1678262400 133.52 133.52 107.19 101.97
1678348800 101.97 136.45 120.86 110.11
1678435200 110.11 131.28 114.73 113.89
1678521600 113.89 122.50 115.27 135.26
1678608000 135.26 135.26 128.94 124.72
1678694400 124.72 124.72 111.20 133.31
1678780800 133.31 139.14 110.34 111.91
1678867200 111.91 131.70 124.34 130.48
1678953600 130.48 130.48 109.71 106.47
1679040000 106.47 135.88 96.21 114.97
1679126400 114.97 114.97 94.30 103.12
1679212800 103.12 111.66 107.88 109.42
1679299200 109.42 119.15 108.38 130.93
1679385600 130.93 130.93 122.58 113.42
1679472000 113.42 121.29 107.54 101.31
1679558400 101.31 130.74 104.98 137.75
1679644800 137.75 138.36 123.12 97.44
1679731200 97.44 115.60 106.84 115.89
1679817600 115.89 130.62 103.74 133.80
1679904000 133.80 133.80 112.89 132.72
1679990400 132.72 132.72 120.36 111.32
1680076800 111.32 115.28 103.93 113.69
1680163200 113.69 126.82 126.53 128.37
1680249600 128.37 133.26 113.97 108.11
1680336000 108.11 108.11 94.01 130.10
1680422400 130.10 130.10 112.45 108.58
1680508800 108.58 132.02 100.79 125.04
1680595200 125.04 139.73 134.52 97.49
1680681600 97.49 128.44 121.73 113.52
1680768000 113.52 113.52 96.00 127.97
1680854400 127.97 136.53 105.77 105.25
1680940800 105.25 115.67 99.90 128.23
1681027200 128.23 128.59 109.36 119.13
1681113600 119.13 123.62 101.86 106.63
1681200000 106.63 122.99 114.28 137.12
1681286400 137.12 137.12 126.11 105.95
1681372800 105.95 109.40 95.84 96.55
1681459200 96.55 110.73 99.32 120.60
1681545600 120.60 131.54 99.19 94.42
1681632000 94.42 137.57 119.65 108.43
1681718400 108.43 108.43 95.59 127.94
1681804800 127.94 127.94 113.60 130.45
1681891200 130.45 130.45 113.98 133.95
1681977600 133.95 133.95 126.11 133.99
1682064000 133.99 133.99 98.37 99.12
1682150400 99.12 126.81 110.81 110.69
1682236800 110.69 133.93 123.25 101.26
1682323200 101.26 125.62 110.73 112.03
1682409600 112.03 120.76 101.24 110.12
1682496000 110.12 128.77 96.27 94.12
1682582400 94.12 106.05 98.61 118.06
1682668800 118.06 126.29 115.98 139.36
1682755200 139.36 139.36 130.54 94.75
1682841600 94.75 132.12 109.61 98.53
1682928000 98.53 135.04 96.82 97.56
1683014400 97.56 124.87 94.50 127.66
1683100800 127.66 134.47 111.44 104.53
1683187200 104.53 135.32 98.67 110.56
1683273600 110.56 118.85 108.12 122.91
1683360000 122.91 127.83 114.06 118.81
1683446400 118.81 136.00 121.17 131.01
1683532800 131.01 131.01 108.67 94.76
1683619200 94.76 118.44 113.18 114.20
1683705600 114.20 120.81 100.16 112.95
1683792000 112.95 112.95 96.08 97.09
1683878400 97.09 114.65 111.86 100.83
1683964800 100.83 124.23 107.00 99.99
1684051200 99.99 128.45 124.22 129.21
1684137600 129.21 129.59 108.81 117.82
1684224000 117.82 119.93 101.18 136.94
1684310400 136.94 136.94 98.50 128.34
1684396800 128.34 128.34 93.99 99.70
1684483200 99.70 135.38 128.02 93.17
1684569600 93.17 126.61 103.94 117.87
1684656000 117.87 118.26 117.81 127.70
1684742400 127.70 131.68 120.37 115.74
1684828800 115.74 115.74 101.30 97.81
1684915200 97.81 138.77 131.58 99.69
1685001600 99.69 122.14 96.48 101.77
1685088000 101.77 101.77 94.82 95.82
1685174400 95.82 117.97 104.07 95.73
1685260800 95.73 102.06 93.67 116.39
1685347200 116.39 134.35 119.99 103.08
1685433600 103.08 138.98 99.72 93.70
1685520000 93.70 123.60 93.37 125.37
1685606400 125.37 125.37 102.25 115.97
1685692800 115.97 120.88 105.09 115.65
1685779200 115.65 127.22 117.55 120.74
1685865600 120.74 137.12 131.77 109.32
1685952000 109.32 122.27 100.92 94.04
1686038400 94.04 124.71 112.94 123.45
1686124800 123.45 130.40 126.10 124.63
1686211200 124.63 124.63 95.69 133.72
1686297600 133.72 139.37 101.67 121.43
1686384000 121.43 136.26 102.50 98.03
1686470400 98.03 106.91 106.13 97.67
1686556800 97.67 135.72 124.05 121.82
1686643200 121.82 121.82 109.64 119.86
1686729600 119.86 137.20 116.48 114.57
1686816000 114.57 134.70 125.46 123.48
1686902400 123.48 137.62 121.39 123.16
1686988800 123.16 123.16 116.74 113.69
1687075200 113.69 136.29 98.07 95.83
1687161600 95.83 135.47 100.20 138.98
1687248000 138.98 138.98 102.37 100.91
1687334400 100.91 100.91 94.35 112.46
1687420800 112.46 135.95 127.72 104.97
1687507200 104.97 110.10 109.87 110.63
1687593600 110.63 138.88 113.57 134.10
1687680000 134.10 134.10 101.23 110.37
1687766400 110.37 111.29 99.51 111.60
1687852800 111.60 128.01 96.22 112.91
1687939200 112.91 131.81 108.81 100.65
1688025600 100.65 119.72 100.37 132.49
1688112000 132.49 132.49 107.96 138.09
1688198400 138.09 138.09 120.88 104.67
1688284800 104.67 119.81 103.82 94.09
1688371200 94.09 121.83 97.13 116.84
1688457600 116.84 131.07 109.86 127.36
1688544000 127.36 127.36 114.18 132.96
1688630400 132.96 132.96 97.55 102.56
1688716800 102.56 117.66 114.99 107.77
1688803200 107.77 118.69 93.05 132.82
1688889600 132.82 139.04 127.74 133.80
1688976000 133.80 133.80 96.16 135.55
1689062400 135.55 137.30 103.03 123.52
1689148800 123.52 125.82 106.56 123.58
1689235200 123.58 123.58 99.02 99.23
1689321600 99.23 129.61 99.85 122.81
1689408000 122.81 122.81 110.16 102.93
1689494400 102.93 126.23 121.56 107.32
1689580800 107.32 107.32 101.78 129.33
1689667200 129.33 134.68 99.90 123.91
1689753600 123.91 123.91 112.73 119.49
1689840000 119.49 119.49 94.85 119.63
1689926400 119.63 127.86 123.58 97.43
1690012800 97.43 135.91 135.21 122.04
1690099200 122.04 138.94 125.28 93.03
1690185600 93.03 131.63 122.98 100.71
1690272000 100.71 124.20 95.43 113.16
1690358400 113.16 132.44 111.68 125.22
1690444800 125.22 126.25 93.02 95.33
1690531200 95.33 134.83 101.60 104.38
1690617600 104.38 132.18 110.85 111.96
1690704000 111.96 135.08 96.19 93.43
1690790400 93.43 138.76 104.11 102.45
1690876800 102.45 134.68 112.06 100.22
1690963200 100.22 121.59 113.81 110.91
1691049600 110.91 110.91 109.56 139.77
1691136000 139.77 139.77 109.87 131.10
1691222400 131.10 131.10 107.64 131.77
1691308800 131.77 131.77 94.52 93.29
1691395200 93.29 133.85 94.04 103.81
1691481600 103.81 139.54 120.65 138.50
1691568000 138.50 138.50 98.45 99.54
1691654400 99.54 115.58 102.82 114.58
1691740800 114.58 114.58 94.84 100.39
1691827200 100.39 129.87 123.75 98.49
1691913600 98.49 103.58 102.35 102.10
1692000000 102.10 119.91 95.67 138.68
1692086400 138.68 138.68 105.56 103.33
1692172800 103.33 111.48 103.25 115.25
1692259200 115.25 121.30 107.64 112.41
1692345600 112.41 123.44 118.64 101.42
1692432000 101.42 124.68 96.89 114.44
1692518400 114.44 139.90 96.26 116.45
1692604800 116.45 134.76 108.98 129.44
1692691200 129.44 136.05 132.45 113.76
1692777600 113.76 123.11 99.64 99.93
1692864000 99.93 99.93 93.65 107.39
1692950400 107.39 108.62 103.93 93.21
1693036800 93.21 104.84 93.48 120.24
1693123200 120.24 127.85 102.19 138.96
1693209600 138.96 138.96 110.31 112.07
1693296000 112.07 120.11 99.88 134.90
1693382400 134.90 134.90 99.24 109.00
1693468800 109.00 138.82 123.52 104.58
1693555200 104.58 139.19 137.42 105.73
1693641600 105.73 133.52 124.32 129.28
1693728000 129.28 136.66 122.46 133.44
1693814400 133.44 133.44 97.79 105.55
1693900800 105.55 126.16 122.50 137.26
1693987200 137.26 138.10 106.86 106.20
1694073600 106.20 136.33 134.12 136.08
1694160000 136.08 138.71 138.44 103.21
1694246400 103.21 105.81 98.04 118.82
1694332800 118.82 129.27 109.98 118.47
1694419200 118.47 118.47 110.51 115.05
1694505600 115.05 115.05 97.11 131.24
1694592000 131.24 131.24 94.69 95.78
1694678400 95.78 109.37 109.13 116.91
1694764800 116.91 137.49 97.69 93.47
1694851200 93.47 130.67 112.94 95.65
1694937600 95.65 121.77 100.01 95.77
1695024000 95.77 116.12 110.34 97.88
1695110400 97.88 124.17 100.81 133.90
1695196800 133.90 133.90 122.36 121.94
1695283200 121.94 121.94 114.95 135.05
1695369600 135.05 135.05 125.41 104.20
1695456000 104.20 133.70 111.99 110.68
1695542400 110.68 110.68 99.93 102.70
1695628800 102.70 138.60 128.47 137.82
1695715200 137.82 137.82 119.22 99.51
1695801600 99.51 136.22 133.47 109.23
1695888000 109.23 109.23 106.58 120.36
1695974400 120.36 136.15 100.81 114.94
1696060800 114.94 115.18 101.97 132.96
1696147200 132.96 138.53 128.23 135.41
1696233600 135.41 135.41 107.62 129.91
1696320000 129.91 129.91 108.30 110.07
1696406400 110.07 122.32 98.00 135.99
1696492800 135.99 135.99 95.47 103.02
1696579200 103.02 117.07 116.52 119.71
1696665600 119.71 125.04 95.37 128.30
1696752000 128.30 128.30 98.22 99.98
1696838400 99.98 112.15 108.12 120.45
1696924800 120.45 120.45 97.52 126.14
1697011200 126.14 128.83 123.06 133.63
1697097600 133.63 133.63 110.58 133.22
1697184000 133.22 135.01 103.16 137.80
1697270400 137.80 137.80 93.60 101.36
1697356800 101.36 131.90 125.26 100.58
1697443200 100.58 138.18 113.97 103.30
1697529600 103.30 111.30 99.63 131.45
1697616000 131.45 131.45 106.25 124.97
1697702400 124.97 124.97 106.35 105.22
1697788800 105.22 129.96 117.07 106.75
1697875200 106.75 122.08 114.76 132.84
1697961600 132.84 132.84 104.77 97.09
1698048000 97.09 108.70 105.33 121.44
1698134400 121.44 121.44 93.57 123.34
1698220800 123.34 123.34 94.57 120.95
1698307200 120.95 120.95 104.59 124.96
1698393600 124.96 133.06 93.75 138.98
1698480000 138.98 138.98 99.91 100.98
1698566400 100.98 135.70 122.03 121.34
1698652800 121.34 121.34 118.78 95.08
1698739200 95.08 97.53 97.21 109.90
1698825600 109.90 133.60 112.77 120.92
1698912000 120.92 125.83 98.15 124.92
1698998400 124.92 124.92 100.52 126.96
1699084800 126.96 135.19 113.99 139.98
1699171200 139.98 139.98 107.68 107.25
1699257600 107.25 127.60 94.00 101.46
1699344000 101.46 122.05 100.00 100.94
1699430400 100.94 114.79 109.45 136.40
1699516800 136.40 136.40 94.23 137.20
1699603200 137.20 137.20 134.17 109.94
1699689600 109.94 109.94 102.45 134.44
1699776000 134.44 134.44 101.98 107.55
1699862400 107.55 126.73 107.43 111.52
1699948800 111.52 130.00 98.34 113.55
1700035200 113.55 127.26 100.48 104.49
1700121600 104.49 133.10 106.89 95.42
1700208000 95.42 123.01 100.66 107.85
1700294400 107.85 126.60 107.28 106.38
1700380800 106.38 131.83 95.62 131.38
1700467200 131.38 139.42 126.73 100.49
1700553600 100.49 120.32 119.68 103.46
1700640000 103.46 139.11 94.88 135.89
1700726400 135.89 135.89 97.24 102.24
1700812800 102.24 102.24 97.30 133.83
1700899200 133.83 133.83 98.63 120.41
1700985600 120.41 134.10 97.75 138.88
1701072000 138.88 138.88 109.54 97.32
1701158400 97.32 133.28 114.09 130.37
1701244800 130.37 138.07 118.29 119.83
1701331200 119.83 119.83 96.26 128.30
1701417600 128.30 128.30 109.30 124.86
1701504000 124.86 124.86 108.08 136.44
1701590400 136.44 136.44 110.36 129.55
1701676800 129.55 134.62 125.84 114.94
1701763200 114.94 114.94 101.74 124.28
1701849600 124.28 129.77 125.42 111.50
1701936000 111.50 120.36 94.21 105.97
1702022400 105.97 119.42 116.12 138.90
1702108800 138.90 138.90 94.65 104.44
1702195200 104.44 111.97 99.90 112.23
1702281600 112.23 135.68 132.78 117.13
1702368000 117.13 122.85 98.49 136.80
1702454400 136.80 136.80 116.05 127.99
1702540800 127.99 127.99 117.65 105.11
1702627200 105.11 111.58 98.40 127.32
1702713600 127.32 128.34 120.80 109.51
1702800000 109.51 115.71 103.75 112.17
1702886400 112.17 121.53 115.85 109.64
1702972800 109.64 122.00 114.70 93.88
1703059200 93.88 127.90 119.25 135.14
1703145600 135.14 135.14 128.16 122.84
1703232000 122.84 129.37 125.06 120.33
1703318400 120.33 123.16 104.37 130.02
1703404800 130.02 130.02 121.98 112.56
1703491200 112.56 133.82 98.12 108.32
1703577600 108.32 132.85 115.06 120.05
1703664000 120.05 121.79 109.66 128.43
1703750400 128.43 128.43 104.89 108.92
1703836800 108.92 137.76 133.60 109.09
1703923200 109.09 132.82 96.41 116.53
1704009600 116.53 121.73 120.18 116.26
1704096000 116.26 134.35 117.71 126.71
1704182400 126.71 126.71 120.38 130.27
1704268800 130.27 131.74 119.63 124.53
1704355200 124.53 124.53 115.22 130.22
1704441600 130.22 130.22 102.59 114.36
1704528000 114.36 123.79 119.02 123.80
1704614400 123.80 136.02 126.82 118.79
1704700800 118.79 133.95 117.63 137.78
1704787200 137.78 138.23 120.32 130.01
1704873600 130.01 136.14 116.83 105.35
1704960000 105.35 132.72 101.09 106.91
1705046400 106.91 134.60 123.80 101.72
1705132800 101.72 137.62 125.96 139.16
1705219200 139.16 139.16 107.41 109.18
1705305600 109.18 130.52 125.22 103.72
1705392000 103.72 117.39 108.01 132.69
1705478400 132.69 132.69 98.14 134.26
1705564800 134.26 134.42 111.18 113.18
1705651200 113.18 138.96 107.20 128.73
1705737600 128.73 132.35 118.67 130.44
1705824000 130.44 130.44 111.82 107.88
1705910400 107.88 107.88 105.38 111.38
1705996800 111.38 111.38 98.18 128.93
1706083200 128.93 128.93 115.41 102.41
1706169600 102.41 124.32 102.68 118.45
1706256000 118.45 132.14 109.90 110.44
1706342400 110.44 124.34 101.60 136.95
1706428800 136.95 136.95 104.80 110.93
1706515200 110.93 138.15 131.88 128.87
1706601600 128.87 128.87 109.69 129.45
1706688000 129.45 137.11 117.36 95.89
1706774400 95.89 124.16 97.79 102.93
1706860800 102.93 121.28 101.06 136.83
1706947200 136.83 138.32 103.52 108.28
1707033600 108.28 123.66 106.09 94.85
1707120000 94.85 109.78 101.54 94.26
1707206400 94.26 106.37 96.08 116.84
1707292800 116.84 123.96 121.33 118.59
1707379200 118.59 136.99 96.66 138.75
1707465600 138.75 138.75 119.90 124.67
1707552000 124.67 124.67 116.76 117.90
1707638400 117.90 120.58 112.24 100.34
1707724800 100.34 102.40 101.10 122.15
1707811200 122.15 132.09 123.32 108.17
1707897600 108.17 137.76 130.00 107.54
1707984000 107.54 114.73 98.02 104.02
1708070400 104.02 130.74 110.51 139.40
1708156800 139.40 139.40 104.79 112.55
1708243200 112.55 128.39 119.25 100.04
1708329600 100.04 112.98 108.33 114.63
1708416000 114.63 139.88 101.65 126.03
1708502400 126.03 130.51 99.16 115.61
1708588800 115.61 139.20 126.56 125.44
1708675200 125.44 125.44 93.68 123.91
1708761600 123.91 123.91 99.50 115.33
1708848000 115.33 139.37 126.72 97.03
1708934400 97.03 132.39 124.21 125.16
1709020800 125.16 125.16 110.89 113.66
1709107200 113.66 127.48 94.64 134.24
1709193600 134.24 138.04 136.80 131.58
1709280000 131.58 131.58 99.38 116.16
1709366400 116.16 122.18 120.95 104.66
1709452800 104.66 104.66 96.79 138.65
1709539200 138.65 138.65 119.16 126.68
1709625600 126.68 130.58 93.93 119.71
1709712000 119.71 127.85 98.08 112.63
1709798400 112.63 127.20 105.96 126.67
1709884800 126.67 135.43 118.13 117.19
1709971200 117.19 122.93 122.15 133.69
1710057600 133.69 133.69 94.38 129.14
1710144000 129.14 129.14 107.53 115.51
1710230400 115.51 137.22 120.98 120.98
1710316800 120.98 120.98 103.65 128.02
1710403200 128.02 128.02 102.25 124.91
1710489600 124.91 124.91 102.40 112.30
1710576000 112.30 122.38 121.18 112.16
1710662400 112.16 119.12 98.88 112.66
1710748800 112.66 126.31 93.13 115.08
1710835200 115.08 116.06 105.28 107.03
1710921600 107.03 125.96 97.73 139.51
1711008000 139.51 139.51 127.32 124.09
1711094400 124.09 133.04 124.34 109.09
1711180800 109.09 124.47 102.78 137.55
1711267200 137.55 137.55 104.93 113.51
1711353600 113.51 113.51 105.95 110.96
1711440000 110.96 135.99 122.23 119.97
1711526400 119.97 131.27 123.90 117.03
1711612800 117.03 121.59 119.92 137.90
1711699200 137.90 137.90 95.36 127.29
1711785600 127.29 127.29 123.20 133.65
1711872000 133.65 133.65 103.08 135.34
1711958400 135.34 135.34 124.49 138.55
1712044800 138.55 138.55 107.47 112.46
1712131200 112.46 139.75 109.53 134.29
1712217600 134.29 134.29 117.80 109.75
1712304000 109.75 122.23 97.57 121.33
1712390400 121.33 137.77 137.14 94.91
1712476800 94.91 126.05 114.23 113.35
1712563200 113.35 119.30 96.51 134.26
1712649600 134.26 134.26 95.01 110.24
1712736000 110.24 127.13 95.77 98.91
1712822400 98.91 120.02 114.84 108.78
1712908800 108.78 128.50 105.20 121.82
1712995200 121.82 139.65 134.94 99.78
1713081600 99.78 113.66 99.90 95.64
1713168000 95.64 139.35 123.12 127.66
1713254400 127.66 134.49 99.84 124.60
1713340800 124.60 124.60 94.26 94.04
1713427200 94.04 115.41 109.18 103.95
1713513600 103.95 134.23 98.86 115.46
1713600000 115.46 131.54 101.33 119.30
1713686400 119.30 119.30 96.25 116.26
1713772800 116.26 131.51 131.15 129.27
1713859200 129.27 129.27 102.86 132.59
1713945600 132.59 132.59 121.29 106.08
1714032000 106.08 123.56 116.89 96.80
1714118400 96.80 136.58 119.35 100.70
1714204800 100.70 110.48 105.42 134.86
1714291200 134.86 134.86 96.65 118.85
1714377600 118.85 134.67 96.02 107.75
1714464000 107.75 118.14 105.92 110.69
1714550400 110.69 132.18 97.96 135.69
1714636800 135.69 135.69 93.42 98.19
1714723200 98.19 135.11 93.39 128.23
1714809600 128.23 128.23 109.93 103.19
1714896000 103.19 121.24 96.42 100.61
1714982400 100.61 123.09 107.77 137.40
1715068800 137.40 139.85 97.53 110.22
1715155200 110.22 111.46 95.68 94.22
1715241600 94.22 131.37 110.17 112.66
1715328000 112.66 119.30 101.48 120.04
1715414400 120.04 132.73 100.38 106.51
1715500800 106.51 119.85 93.61 101.39
1715587200 101.39 114.43 108.19 114.26
1715673600 114.26 128.49 124.98 117.35
1715760000 117.35 133.25 94.93 96.26
1715846400 96.26 121.97 111.59 121.76
1715932800 121.76 130.73 127.98 98.53
1716019200 98.53 136.23 97.97 113.80
1716105600 113.80 131.23 109.59 119.33
1716192000 119.33 119.33 98.83 118.81
1716278400 118.81 119.33 99.08 135.84
1716364800 135.84 135.84 95.31 107.08
1716451200 107.08 135.04 131.22 122.00
1716537600 122.00 128.82 94.02 107.99
1716624000 107.99 122.94 118.29 117.03
1716710400 117.03 117.03 107.98 128.97
1716796800 128.97 128.97 95.65 132.94
1716883200 132.94 132.94 104.86 129.88
1716969600 129.88 135.66 134.37 127.44
1717056000 127.44 127.44 105.79 98.88
1717142400 98.88 109.50 103.73 106.80
1717228800 106.80 133.89 119.00 112.90
1717315200 112.90 124.49 106.12 127.21
1717401600 127.21 127.21 100.62 125.46
1717488000 125.46 128.64 118.33 131.38
1717574400 131.38 131.38 108.62 138.33
1717660800 138.33 138.33 99.55 132.34
1717747200 132.34 132.34 118.19 129.39
1717833600 129.39 129.65 108.21 102.10
1717920000 102.10 119.59 99.92 109.77
1718006400 109.77 131.52 102.60 97.84
1718092800 97.84 116.63 111.48 111.79
1718179200 111.79 138.61 119.96 137.72
1718265600 137.72 137.72 94.09 134.23
1718352000 134.23 134.43 115.02 112.75
1718438400 112.75 138.80 123.48 132.70
1718524800 132.70 139.84 113.52 108.15
1718611200 108.15 120.98 107.65 127.89
1718697600 127.89 127.89 99.84 109.12
1718784000 109.12 132.82 119.96 114.84
1718870400 114.84 134.41 120.54 98.30
1718956800 98.30 118.09 110.78 136.41
1719043200 136.41 136.41 111.48 111.79
1719129600 111.79 116.62 104.93 98.26
1719216000 98.26 127.53 108.84 136.69
1719302400 136.69 139.44 133.76 125.64
1719388800 125.64 136.34 100.18 109.55
1719475200 109.55 117.04 98.33 131.12
1719561600 131.12 131.12 102.81 95.61
1719648000 95.61 114.98 105.60 128.30
1719734400 128.30 130.23 118.07 110.39
1719820800 110.39 131.68 108.54 117.33
1719907200 117.33 117.33 95.69 124.68
1719993600 124.68 124.68 119.85 102.15
1720080000 102.15 135.44 99.97 108.68
1720166400 108.68 137.06 133.70 109.49
1720252800 109.49 125.27 121.89 116.30
1720339200 116.30 136.17 103.32 138.40
1720425600 138.40 138.40 96.22 116.35
1720512000 116.35 134.09 122.91 111.23
1720598400 111.23 133.51 123.84 132.13
1720684800 132.13 132.13 99.82 107.60
1720771200 107.60 138.66 136.33 115.53
1720857600 115.53 131.45 110.58 118.34
1720944000 118.34 118.34 97.70 122.35
1721030400 122.35 122.35 93.08 119.16
1721116800 119.16 134.74 96.97 114.98
1721203200 114.98 138.91 128.08 109.87
1721289600 109.87 139.05 96.81 106.81
1721376000 106.81 126.61 106.94 96.67
1721462400 96.67 110.87 94.97 117.05
1721548800 117.05 139.21 117.01 93.69
1721635200 93.69 119.61 119.29 137.85
1721721600 137.85 137.85 106.54 94.33
1721808000 94.33 130.80 120.23 121.36
1721894400 121.36 121.36 97.61 122.06
1721980800 122.06 125.10 115.39 139.10
1722067200 139.10 139.10 117.63 119.64
1722153600 119.64 119.64 97.25 114.25
1722240000 114.25 139.65 132.32 121.57
1722326400 121.57 138.58 127.40 110.14
1722412800 110.14 115.71 99.58 93.24
1722499200 93.24 104.65 100.97 104.93
1722585600 104.93 114.63 111.50 102.01
1722672000 102.01 134.21 116.03 95.10
1722758400 95.10 138.47 109.15 139.37
1722844800 139.37 139.37 105.51 107.30
1722931200 107.30 130.17 101.97 111.30
1723017600 111.30 139.46 107.13 120.76
1723104000 120.76 129.06 126.78 94.93
1723190400 94.93 138.27 119.96 123.16
1723276800 123.16 137.79 106.10 113.45
1723363200 113.45 137.91 121.23 94.67
1723449600 94.67 130.26 100.03 93.27
1723536000 93.27 133.30 124.06 102.08
1723622400 102.08 128.75 106.42 120.53
1723708800 120.53 120.53 95.67 127.03
1723795200 127.03 127.03 118.92 115.45
1723881600 115.45 115.45 103.62 100.39
1723968000 100.39 112.93 101.17 101.77
1724054400 101.77 129.10 115.85 101.67
1724140800 101.67 111.19 103.90 112.96
1724227200 112.96 127.32 116.59 120.86
1724313600 120.86 132.34 127.07 130.10
1724400000 130.10 130.10 119.04 103.82
1724486400 103.82 117.96 99.19 101.95
1724572800 101.95 135.34 107.11 139.85
1724659200 139.85 139.85 118.02 128.78
1724745600 128.78 128.78 111.14 137.23
1724832000 137.23 138.07 118.41 135.17
1724918400 135.17 139.04 126.31 94.75
1725004800 94.75 126.87 126.09 94.64
1725091200 94.64 136.21 104.48 114.99
1725177600 114.99 122.46 110.71 114.47
1725264000 114.47 126.18 125.48 98.26
1725350400 98.26 136.99 132.85 104.06
1725436800 104.06 137.33 129.88 98.57
1725523200 98.57 134.16 131.24 123.02
1725609600 123.02 123.02 112.59 125.71
1725696000 125.71 125.71 99.48 134.87
1725782400 134.87 134.87 113.22 94.99
1725868800 94.99 130.83 98.59 137.37
1725955200 137.37 137.37 122.49 110.22
1726041600 110.22 110.93 93.63 116.69
1726128000 116.69 116.69 105.54 135.31
1726214400 135.31 135.31 118.84 94.61
1726300800 94.61 105.45 93.66 121.44
1726387200 121.44 121.44 100.57 121.36
1726473600 121.36 121.36 93.04 125.21
1726560000 125.21 130.65 113.94 111.41
1726646400 111.41 111.41 96.44 115.98
1726732800 115.98 124.38 93.15 127.89
1726819200 127.89 137.28 127.05 106.35
1726905600 106.35 125.93 94.17 123.18
1726992000 123.18 123.18 114.56 132.51
1727078400 132.51 134.86 131.63 126.34
1727164800 126.34 126.34 106.98 106.00
1727251200 106.00 131.03 125.25 112.79
1727337600 112.79 112.79 96.06 114.14
1727424000 114.14 125.18 111.86 100.94
1727510400 100.94 128.53 121.75 99.28
1727596800 99.28 137.35 118.10 127.11
1727683200 127.11 133.03 110.79 124.56
1727769600 124.56 124.56 105.93 115.95
1727856000 115.95 115.95 95.07 133.81
1727942400 133.81 133.81 94.09 95.04
1728028800 95.04 131.88 104.65 98.36
1728115200 98.36 139.38 109.37 101.22
1728201600 101.22 132.85 98.61 107.18
1728288000 107.18 120.86 117.60 136.38
1728374400 136.38 136.38 114.88 104.64
1728460800 104.64 124.41 121.64 101.69
1728547200 101.69 133.49 104.41 123.07
1728633600 123.07 126.26 105.89 116.82
1728720000 116.82 130.17 98.83 104.60
1728806400 104.60 131.50 103.19 96.85
1728892800 96.85 131.11 125.42 121.18
1728979200 121.18 131.22 121.57 121.32
1729065600 121.32 131.67 118.94 113.69
1729152000 113.69 124.91 105.62 108.73
1729238400 108.73 116.63 112.98 121.75
1729324800 121.75 121.75 109.56 108.06
1729411200 108.06 111.00 98.77 102.55
1729497600 102.55 119.22 94.88 134.99
1729584000 134.99 134.99 131.27 98.92
1729670400 98.92 115.13 111.91 132.75
1729756800 132.75 132.75 100.07 123.63
1729843200 123.63 123.63 97.98 138.08
1729929600 138.08 138.08 104.34 102.89
1730016000 102.89 139.68 110.46 111.22
1730102400 111.22 127.10 117.94 94.72
1730188800 94.72 120.40 113.75 108.52
1730275200 108.52 109.63 102.34 132.34
1730361600 132.34 137.14 96.46 129.24
1730448000 129.24 136.02 108.25 135.81
1730534400 135.81 135.81 99.61 118.18
1730620800 118.18 118.18 101.73 132.52
1730707200 132.52 132.52 98.32 105.85
1730793600 105.85 117.67 110.90 102.27
1730880000 102.27 124.26 123.06 118.02
1730966400 118.02 118.02 94.42 121.92
1731052800 121.92 121.92 111.85 125.30
1731139200 125.30 131.02 128.55 110.35
1731225600 110.35 135.59 119.50 134.26
1731312000 134.26 134.26 113.71 127.51
1731398400 127.51 127.51 111.52 94.29
1731484800 94.29 121.44 105.08 124.20
1731571200 124.20 135.75 102.48 97.59
1731657600 97.59 123.65 115.38 95.01
1731744000 95.01 115.59 100.29 116.43
1731830400 116.43 135.21 130.95 112.71
1731916800 112.71 138.19 137.87 115.31
1732003200 115.31 115.31 100.42 95.37
1732089600 95.37 133.47 106.30 117.09
1732176000 117.09 138.91 128.80 131.59
1732262400 131.59 131.59 100.19 95.51
1732348800 95.51 135.62 98.32 125.07
1732435200 125.07 125.07 97.88 115.64
1732521600 115.64 124.54 107.89 132.68
1732608000 132.68 132.68 96.70 101.47
1732694400 101.47 123.15 119.51 97.27
1732780800 97.27 116.49 94.20 99.18
1732867200 99.18 134.42 93.31 106.07
1732953600 106.07 139.21 132.57 99.30
1733040000 99.30 136.05 98.26 107.55
1733126400 107.55 122.91 101.13 100.91
1733212800 100.91 130.94 102.71 108.71
1733299200 108.71 139.73 122.43 117.57
1733385600 117.57 117.57 99.54 117.31
1733472000 117.31 134.57 133.23 135.32
1733558400 135.32 135.32 96.27 95.78
1733644800 95.78 113.09 109.38 130.62
1733731200 130.62 130.62 102.53 127.89
1733817600 127.89 127.89 102.86 102.22
1733904000 102.22 112.71 103.46 122.48
1733990400 122.48 135.16 101.51 131.29
1734076800 131.29 131.29 107.19 132.17
1734163200 132.17 132.46 122.74 115.64
1734249600 115.64 115.64 101.87 97.59
1734336000 97.59 137.27 97.62 117.89
1734422400 117.89 133.94 93.53 124.25
1734508800 124.25 124.25 105.84 100.00
1734595200 100.00 129.26 96.85 108.67
1734681600 108.67 124.28 98.52 135.73
1734768000 135.73 135.73 116.18 109.83
1734854400 109.83 118.03 95.80 100.79
1734940800 100.79 131.59 122.95 105.15
1735027200 105.15 105.31 97.53 119.07
1735113600 119.07 131.18 97.41 127.92
1735200000 127.92 127.92 97.79 98.85
1735286400 98.85 113.64 112.45 115.42
1735372800 115.42 118.66 117.02 110.82
1735459200 110.82 135.84 113.01 115.61
1735545600 115.61 122.27 118.94 136.05
1735632000 136.05 136.05 116.53 130.26
1735718400 130.26 130.26 100.14 102.67
1735804800 102.67 116.26 94.06 136.02
1735891200 136.02 139.47 98.24 98.95
1735977600 98.95 129.27 103.05 94.81
1736064000 94.81 111.86 101.63 121.63
1736150400 121.63 121.63 106.33 123.44
1736236800 123.44 124.24 118.44 137.80
1736323200 137.80 139.60 114.82 96.37
1736409600 96.37 119.53 119.28 117.04
1736496000 117.04 117.04 107.53 131.29
1736582400 131.29 131.29 114.86 122.70
1736668800 122.70 122.70 108.81 115.58
1736755200 115.58 118.72 100.97 130.83
1736841600 130.83 130.83 108.19 138.70
1736928000 138.70 138.70 96.08 132.10
1737014400 132.10 132.10 98.34 94.90
1737100800 94.90 120.24 105.01 115.79
1737187200 115.79 122.82 93.04 123.58
1737273600 123.58 129.05 124.86 93.82
1737360000 93.82 104.42 97.18 135.78
1737446400 135.78 135.78 109.02 133.59
1737532800 133.59 133.59 109.47 122.23
1737619200 122.23 133.26 103.49 104.04
1737705600 104.04 135.33 99.63 105.41
1737792000 105.41 122.39 115.20 113.10
1737878400 113.10 131.17 105.45 100.35
1737964800 100.35 113.96 102.37 116.48
1738051200 116.48 134.30 97.62 131.55
1738137600 131.55 131.55 94.21 119.13
1738224000 119.13 126.91 125.23 97.99
1738310400 97.99 119.24 108.95 122.71
1738396800 122.71 122.71 111.97 112.73
1738483200 112.73 139.97 120.33 107.08
1738569600 107.08 139.43 119.67 121.52
1738656000 121.52 134.76 126.03 112.60
1738742400 112.60 129.84 118.62 103.38
1738828800 103.38 118.95 103.22 95.71
1738915200 95.71 124.20 108.42 94.18
1739001600 94.18 125.67 118.43 116.44
1739088000 116.44 127.91 106.14 117.67
1739174400 117.67 138.16 112.40 139.93
1739260800 139.93 139.93 116.38 104.14
1739347200 104.14 127.36 94.67 111.93
1739433600 111.93 134.24 132.53 123.54
1739520000 123.54 129.70 97.93 121.70
1739606400 121.70 121.70 96.47 121.49
1739692800 121.49 121.49 111.95 120.73
1739779200 120.73 137.41 136.18 135.90
1739865600 135.90 135.90 112.08 105.09
1739952000 105.09 128.56 121.33 134.34
1740038400 134.34 134.34 114.27 130.05
1740124800 130.05 136.41 98.65 131.19
1740211200 131.19 134.22 101.99 107.75
1740297600 107.75 118.65 99.35 133.43
1740384000 133.43 138.00 112.65 118.49
1740470400 118.49 118.49 100.50 122.03
1740556800 122.03 122.03 93.55 104.47
1740643200 104.47 104.47 99.61 95.76
1740729600 95.76 137.43 94.14 115.32
1740816000 115.32 133.81 100.12 103.91
1740902400 103.91 132.70 107.91 100.57
1740988800 100.57 139.28 104.87 121.05
1741075200 121.05 135.86 104.43 125.18
1741161600 125.18 125.18 106.31 130.63
1741248000 130.63 130.63 104.46 95.67
1741334400 95.67 133.72 115.06 132.38
1741420800 132.38 138.18 119.98 128.82
1741507200 128.82 128.82 96.10 115.76
1741593600 115.76 122.89 103.59 130.23
1741680000 130.23 130.23 117.83 134.69
1741766400 134.69 134.69 98.38 121.13
1741852800 121.13 138.06 134.19 105.95
1741939200 105.95 136.17 131.89 96.67
1742025600 96.67 129.57 108.22 139.08
1742112000 139.08 139.08 95.80 127.13
1742198400 127.13 132.03 120.41 135.28
1742284800 135.28 139.31 130.99 108.07
1742371200 108.07 122.89 98.51 93.20
1742457600 93.20 133.68 101.04 138.81
1742544000 138.81 138.81 111.86 115.60
1742630400 115.60 131.95 96.71 131.99
1742716800 131.99 132.53 121.32 125.17
1742803200 125.17 137.12 124.91 135.24
1742889600 135.24 137.60 111.27 108.95
1742976000 108.95 116.28 107.52 96.06
1743062400 96.06 125.31 122.55 94.29
1743148800 94.29 136.91 130.12 137.09
1743235200 137.09 137.09 111.71 135.48
1743321600 135.48 135.48 93.72 117.68
1743408000 117.68 117.68 107.77 131.52
1743494400 131.52 139.75 124.36 132.55
1743580800 132.55 132.55 94.04 95.91
1743667200 95.91 134.73 98.74 110.16
1743753600 110.16 128.21 117.80 112.56
1743840000 112.56 139.91 100.01 119.70
1743926400 119.70 120.49 115.12 123.84
1744012800 123.84 131.08 125.51 131.83
1744099200 131.83 139.87 100.12 118.32
1744185600 118.32 127.04 112.78 94.11
1744272000 94.11 119.45 115.81 108.58
1744358400 108.58 108.58 94.71 133.83
1744444800 133.83 136.08 130.29 124.06
1744531200 124.06 137.09 102.34 131.85
1744617600 131.85 131.85 107.35 104.57
1744704000 104.57 131.04 95.81 124.81
1744790400 124.81 124.81 94.06 133.07
1744876800 133.07 133.07 101.54 131.74
1744963200 131.74 135.44 103.12 96.67
1745049600 96.67 119.38 99.15 111.93
1745136000 111.93 113.51 93.31 99.28
1745222400 99.28 104.11 101.86 126.06
1745308800 126.06 126.06 100.96 127.98
1745395200 127.98 139.62 135.25 125.38
1745481600 125.38 125.38 103.21 99.51
1745568000 99.51 113.90 110.22 116.00
1745654400 116.00 116.00 98.61 129.48
1745740800 129.48 138.35 115.32 114.23
1745827200 114.23 135.17 126.48 96.35
1745913600 96.35 136.83 105.97 94.38
1746000000 94.38 118.65 116.31 98.97
1746086400 98.97 120.98 108.90 97.64
1746172800 97.64 120.98 96.35 120.58
1746259200 120.58 120.58 111.84 112.95
1746345600 112.95 112.95 95.03 101.85
1746432000 101.85 133.89 102.65 120.67
1746518400 120.67 139.88 131.24 136.00
1746604800 136.00 136.00 114.04 97.81
1746691200 97.81 129.17 116.53 130.26
1746777600 130.26 130.26 96.60 138.42
1746864000 138.42 138.42 136.43 119.63
1746950400 119.63 121.69 100.32 131.48
1747036800 131.48 131.48 103.90 100.68
1747123200 100.68 133.16 110.39 135.94
1747209600 135.94 135.94 111.42 129.19
1747296000 129.19 129.19 96.44 100.99
1747382400 100.99 130.46 107.69 121.22
1747468800 121.22 124.12 113.36 130.90
1747555200 130.90 136.92 93.15 114.69
1747641600 114.69 117.17 113.41 116.95
1747728000 116.95 120.85 111.12 121.62
1747814400 121.62 121.62 109.78 124.33
1747900800 124.33 124.33 100.58 134.12
1747987200 134.12 134.12 98.59 127.36
1748073600 127.36 132.32 93.55 100.62
1748160000 100.62 127.66 115.42 131.43
1748246400 131.43 131.43 127.87 138.64
1748332800 138.64 138.64 94.34 136.45
1748419200 136.45 136.45 98.59 95.92
1748505600 95.92 132.41 99.65 116.19
1748592000 116.19 136.10 99.77 137.85
1748678400 137.85 137.85 102.55 124.09
1748764800 124.09 124.09 115.82 115.81
1748851200 115.81 115.81 96.61 103.26
1748937600 103.26 133.17 101.86 136.86
1749024000 136.86 136.86 120.86 112.23
1749110400 112.23 134.83 122.05 112.57
1749196800 112.57 132.29 93.66 107.42
1749283200 107.42 114.07 102.41 134.18
1749369600 134.18 138.11 108.87 131.87
1749456000 131.87 131.87 113.31 124.15
1749542400 124.15 138.37 136.57 104.34
1749628800 104.34 106.88 93.51 123.64
1749715200 123.64 124.05 112.42 108.15
1749801600 108.15 119.79 113.09 120.33
1749888000 120.33 127.88 96.23 117.47
1749974400 117.47 137.49 97.73 96.81
1750060800 96.81 130.83 118.65 125.82
1750147200 125.82 129.10 94.87 135.64
1750233600 135.64 135.64 104.89 99.43
1750320000 99.43 100.33 97.57 116.61
1750406400 116.61 116.61 99.25 94.02
1750492800 94.02 130.08 108.30 101.85
1750579200 101.85 132.31 115.01 103.07
1750665600 103.07 116.57 114.79 126.33
1750752000 126.33 131.06 93.82 124.59
1750838400 124.59 139.16 120.34 111.11
1750924800 111.11 126.91 99.79 128.27
1751011200 128.27 128.27 113.83 125.87
1751097600 125.87 137.89 127.21 122.08
1751184000 122.08 124.35 119.25 129.17
1751270400 129.17 133.29 116.08 111.92
1751356800 111.92 134.74 93.50 114.07
1751443200 114.07 118.78 108.62 100.34
1751529600 100.34 127.55 127.39 103.12
1751616000 103.12 104.24 99.92 107.01
1751702400 107.01 124.53 115.82 98.58
1751788800 98.58 130.33 116.63 119.87
1751875200 119.87 137.35 99.12 128.10
1751961600 128.10 128.10 100.61 93.35
1752048000 93.35 103.36 97.16 108.14
1752134400 108.14 130.85 96.61 127.37
1752220800 127.37 127.37 120.21 126.72
1752307200 126.72 126.72 105.22 131.02
1752393600 131.02 131.02 124.91 128.04
1752480000 128.04 128.04 98.91 123.12
1752566400 123.12 136.04 122.27 136.88
1752652800 136.88 136.88 96.32 126.65
1752739200 126.65 126.65 95.32 123.33
1752825600 123.33 137.80 103.44 110.58
1752912000 110.58 124.51 99.68 114.28
1752998400 114.28 116.71 97.94 123.48
1753084800 123.48 123.48 94.74 97.29
1753171200 97.29 122.72 96.56 103.55
1753257600 103.55 119.30 97.38 130.64
1753344000 130.64 130.64 108.31 128.54
1753430400 128.54 128.54 112.35 121.84
1753516800 121.84 126.39 116.02 126.15
1753603200 126.15 126.15 93.37 123.37
1753689600 123.37 123.37 96.63 134.58
1753776000 134.58 134.58 102.97 139.32
1753862400 139.32 139.32 93.67 136.31
1753948800 136.31 136.31 108.58 135.41
1754035200 135.41 135.41 96.18 118.51
1754121600 118.51 139.75 108.96 96.07
1754208000 96.07 128.48 118.14 120.03
1754294400 120.03 136.15 105.03 98.81
1754380800 98.81 134.49 128.83 106.15
1754467200 106.15 130.53 104.73 133.51
1754553600 133.51 133.51 111.73 117.21
1754640000 117.21 139.22 131.86 113.00
1754726400 113.00 116.81 103.03 100.58
1754812800 100.58 135.01 108.75 106.86
1754899200 106.86 111.26 95.00 113.97
1754985600 113.97 139.41 101.13 98.18
1755072000 98.18 138.54 115.34 120.33
1755158400 120.33 136.24 132.49 109.01
1755244800 109.01 112.17 102.38 137.14
1755331200 137.14 137.59 127.95 120.73
1755417600 120.73 127.80 126.06 110.78
1755504000 110.78 130.69 122.91 97.00
1755590400 97.00 138.93 138.59 109.22
1755676800 109.22 109.22 94.48 101.84
1755763200 101.84 127.87 105.18 110.41
1755849600 110.41 114.41 109.64 130.17
1755936000 130.17 138.53 93.78 126.81
1756022400 126.81 126.81 108.12 112.45
1756108800 112.45 135.49 97.72 95.49
1756195200 95.49 129.54 115.30 132.84
1756281600 132.84 133.29 120.02 135.56
1756368000 135.56 135.56 117.15 135.04
1756454400 135.04 135.04 111.28 119.24
1756540800 119.24 132.86 101.51 135.63
1756627200 135.63 135.63 98.97 130.63
1756713600 130.63 139.21 104.92 120.05
1756800000 120.05 120.05 93.16 134.25
1756886400 134.25 134.25 98.53 94.58
1756972800 94.58 118.54 100.72 125.30
1757059200 125.30 125.30 108.98 128.10
1757145600 128.10 128.10 102.05 111.81
1757232000 111.81 139.45 111.69 137.47
1757318400 137.47 137.47 114.97 134.25
1757404800 134.25 134.25 119.83 136.97
1757491200 136.97 136.97 111.63 120.63
1757577600 120.63 125.12 97.76 129.89
1757664000 129.89 129.89 116.81 104.54
1757750400 104.54 135.71 114.48 108.26
1757836800 108.26 134.43 99.20 113.05
1757923200 113.05 113.05 96.24 96.97
1758009600 96.97 118.11 104.36 102.58
1758096000 102.58 122.61 107.38 126.15
1758182400 126.15 127.52 117.26 110.40
1758268800 110.40 116.08 114.31 139.84
1758355200 139.84 139.84 118.99 101.03
1758441600 101.03 137.00 131.26 132.76
1758528000 132.76 132.76 109.58 96.48
1758614400 96.48 137.88 119.55 130.20
1758700800 130.20 139.48 106.32 111.67
1758787200 111.67 139.71 111.93 113.47
1758873600 113.47 125.71 112.94 130.69
1758960000 130.69 130.69 101.21 136.98
1759046400 136.98 136.98 94.62 97.64
1759132800 97.64 137.15 115.80 138.99
1759219200 138.99 138.99 109.05 125.59
1759305600 125.59 125.59 109.16 127.69
1759392000 127.69 134.19 113.54 105.97
1759478400 105.97 105.97 94.77 93.03
1759564800 93.03 125.76 93.43 114.78
1759651200 114.78 128.48 105.77 121.10
1759737600 121.10 133.59 121.95 111.72
1759824000 111.72 115.04 103.81 101.83
1759910400 101.83 133.19 108.97 137.95
1759996800 137.95 137.95 102.55 136.54
1760083200 136.54 136.54 94.82 133.15
1760169600 133.15 133.15 94.80 107.93
1760256000 107.93 135.89 108.62 111.39
1760342400 111.39 131.52 111.89 112.66
1760428800 112.66 112.66 98.23 123.79
1760515200 123.79 126.25 118.49 117.02
1760601600 117.02 134.26 120.61 131.38
1760688000 131.38 131.38 110.43 125.49
1760774400 125.49 139.55 119.32 124.41
1760860800 124.41 134.34 123.70 128.42
1760947200 128.42 128.42 103.28 130.04
1761033600 130.04 130.04 98.20 136.70
1761120000 136.70 139.72 122.91 116.66
1761206400 116.66 139.41 99.18 99.69
1761292800 99.69 119.80 113.11 111.87
1761379200 111.87 111.87 93.11 133.24
1761465600 133.24 133.24 98.81 127.37
1761552000 127.37 127.37 93.73 127.49
1761638400 127.49 127.49 117.98 125.74
1761724800 125.74 128.54 107.45 116.42
1761811200 116.42 121.02 120.61 120.80
1761897600 120.80 132.40 101.61 136.27
1761984000 136.27 139.99 127.32 106.08
1762070400 106.08 139.61 105.01 114.77
1762156800 114.77 135.71 125.40 109.48
1762243200 109.48 115.87 99.21 112.64
1762329600 112.64 136.23 106.88 106.57
1762416000 106.57 120.70 108.92 131.57
1762502400 131.57 135.94 111.61 139.86
1762588800 139.86 139.86 101.00 130.62
1762675200 130.62 130.62 111.07 133.40
1762761600 133.40 133.40 100.89 137.23
1762848000 137.23 137.23 110.71 120.58
1762934400 120.58 120.58 96.18 108.37
1763020800 108.37 108.37 101.08 134.97
1763107200 134.97 134.97 95.99 133.63
1763193600 133.63 133.63 97.50 130.82
1763280000 130.82 130.82 108.04 138.02
1763366400 138.02 138.02 111.56 122.62
1763452800 122.62 122.62 101.19 109.76
1763539200 109.76 127.15 104.81 131.92
1763625600 131.92 137.62 135.83 131.58
1763712000 131.58 131.58 117.35 95.63
1763798400 95.63 139.21 96.59 118.46
1763884800 118.46 124.80 101.69 94.01
1763971200 94.01 119.30 118.29 113.06
1764057600 113.06 134.73 98.00 107.23
1764144000 107.23 132.59 130.88 134.70
1764230400 134.70 134.70 95.57 109.33
1764316800 109.33 116.54 105.80 112.64
1764403200 112.64 126.56 117.34 139.89
1764489600 139.89 139.89 99.16 117.38
1764576000 117.38 117.38 98.63 112.51
1764662400 112.51 130.54 103.10 98.31
1764748800 98.31 119.16 110.90 120.67
1764835200 120.67 138.16 112.73 96.93
1764921600 96.93 116.52 110.20 133.29
1765008000 133.29 133.29 115.87 128.64
1765094400 128.64 128.64 100.34 95.00
1765180800 95.00 136.79 122.11 96.45
1765267200 96.45 130.05 129.67 100.37
1765353600 100.37 131.29 110.52 107.61
1765440000 107.61 117.95 116.30 99.61
1765526400 99.61 132.33 95.10 97.43
1765612800 97.43 131.30 125.56 104.32
1765699200 104.32 138.60 108.37 101.40
1765785600 101.40 132.07 114.42 125.15
1765872000 125.15 125.15 103.38 103.95
1765958400 103.95 107.82 104.42 118.64
1766044800 118.64 135.61 108.99 106.83
1766131200 106.83 135.33 101.01 116.21
1766217600 116.21 128.79 115.46 109.56
1766304000 109.56 110.84 102.16 93.94
1766390400 93.94 120.64 107.81 116.63
1766476800 116.63 124.80 116.53 120.83
1766563200 120.83 120.83 115.68 116.47
1766649600 116.47 137.14 125.35 114.12
1766736000 114.12 114.59 114.29 95.37
1766822400 95.37 135.98 130.76 115.52
1766908800 115.52 128.09 108.87 138.64
1766995200 138.64 138.64 102.26 119.81
1767081600 119.81 119.81 108.70 107.46
1767168000 107.46 133.39 107.15 111.89
1767254400 111.89 137.42 112.19 120.96
1767340800 120.96 120.96 105.12 131.66
1767427200 131.66 131.66 110.26 109.77
1767513600 109.77 132.60 103.82 95.36
1767600000 95.36 134.15 98.85 130.93
1767686400 130.93 130.93 105.55 127.08
1767772800 127.08 135.65 118.84 97.61
1767859200 97.61 119.60 117.34 115.85
1767945600 115.85 135.68 133.92 137.39
1768032000 137.39 139.81 124.04 117.59
1768118400 117.59 117.59 94.43 97.21
1768204800 97.21 127.52 122.74 96.75
1768291200 96.75 126.86 110.57 93.33
1768377600 93.33 125.15 123.89 93.91
1768464000 93.91 116.84 116.09 94.15
1768550400 94.15 106.97 94.22 129.73
1768636800 129.73 129.73 102.23 108.76
1768723200 108.76 134.76 104.53 124.78
1768809600 124.78 124.78 95.68 127.46
1768896000 127.46 133.85 114.08 113.61
1768982400 113.61 120.19 95.42 102.19
1769068800 102.19 128.65 94.88 116.89
1769155200 116.89 127.67 97.45 111.42
1769241600 111.42 119.71 99.00 105.48
1769328000 105.48 125.75 120.96 97.05
1769414400 97.05 103.21 99.61 104.39
1769500800 104.39 107.74 97.03 132.37
1769587200 132.37 139.40 126.61 115.76
1769673600 115.76 135.76 105.55 126.33
1769760000 126.33 126.33 93.11 104.88
1769846400 104.88 124.26 94.08 93.59
1769932800 93.59 127.27 118.60 137.42
1770019200 137.42 137.42 107.90 129.40
1770105600 129.40 129.40 102.99 108.47
1770192000 108.47 136.33 113.57 139.10
1770278400 139.10 139.10 111.60 110.73
1770364800 110.73 134.76 102.52 113.30
1770451200 113.30 113.30 107.87 95.35
1770537600 95.35 129.57 115.80 102.35
1770624000 102.35 110.98 102.07 95.19
1770710400 95.19 106.27 97.13 98.14
1770796800 98.14 132.73 106.41 94.59
1770883200 94.59 114.00 94.77 119.33
1770969600 119.33 119.33 101.23 137.96
1771056000 137.96 137.96 107.61 111.90
1771142400 111.90 134.30 106.53 111.06
1771228800 111.06 138.72 99.48 119.73
1771315200 119.73 131.45 98.63 100.96
1771401600 100.96 131.19 96.80 99.48
1771488000 99.48 109.63 98.29 138.53
1771574400 138.53 138.53 126.30 111.06
1771660800 111.06 123.37 111.00 107.13
1771747200 107.13 117.19 107.35 111.96
1771833600 111.96 133.66 121.92 107.68
1771920000 107.68 126.54 116.30 117.30
1772006400 117.30 127.54 101.32 104.32
1772092800 104.32 114.34 98.38 101.05
1772179200 101.05 132.42 96.97 95.70
1772265600 95.70 118.77 106.52 103.07
1772352000 103.07 122.20 97.03 93.79
1772438400 93.79 135.79 110.48 113.24
1772524800 113.24 113.24 93.37 124.47
1772611200 124.47 124.47 96.99 115.75
1772697600 115.75 131.31 105.54 117.88
1772784000 117.88 117.88 108.13 125.97
1772870400 125.97 130.38 102.72 120.04
1772956800 120.04 120.04 94.08 137.30
1773043200 137.30 137.30 124.98 124.85
1773129600 124.85 124.85 109.88 108.21
1773216000 108.21 124.29 96.56 130.80
1773302400 130.80 133.59 131.38 126.35
1773388800 126.35 127.34 125.10 137.96
1773475200 137.96 137.96 100.31 106.99
1773561600 106.99 135.97 128.93 104.84
1773648000 104.84 105.73 100.84 99.51
1773734400 99.51 121.21 104.52 109.87
1773820800 109.87 117.00 104.33 131.08
1773907200 131.08 131.08 100.71 137.81
1773993600 137.81 137.81 102.28 101.29
1774080000 101.29 135.40 95.04 107.18
1774166400 107.18 134.65 107.88 126.66
1774252800 126.66 126.66 93.24 108.02
1774339200 108.02 131.90 125.27 122.03
1774425600 122.03 122.03 106.23 114.07
1774512000 114.07 114.07 107.29 98.06
1774598400 98.06 120.75 108.98 129.75
1774684800 129.75 129.75 98.48 127.58
1774771200 127.58 127.58 94.05 100.17
1774857600 100.17 130.61 111.96 132.75
1774944000 132.75 132.75 99.75 122.51
1775030400 122.51 139.30 136.98 127.08
1775116800 127.08 133.93 129.13 124.10
1775203200 124.10 134.40 122.15 95.16
1775289600 95.16 101.39 100.22 138.18
1775376000 138.18 138.18 106.43 112.76
1775462400 112.76 127.58 111.30 135.51
1775548800 135.51 138.20 131.74 136.10
1775635200 136.10 136.10 123.90 123.81
1775721600 123.81 123.81 112.68 128.68
1775808000 128.68 128.68 96.50 137.05
1775894400 137.05 137.05 95.59 113.19
1775980800 113.19 133.54 100.87 107.31
1776067200 107.31 135.71 117.03 128.46
1776153600 128.46 128.46 106.75 139.51
1776240000 139.51 139.51 124.42 137.17
1776326400 137.17 137.17 94.57 98.23
1776412800 98.23 98.55 94.92 101.70
1776499200 101.70 116.38 111.62 107.15
1776585600 107.15 113.18 112.95 104.71
1776672000 104.71 115.73 95.50 126.22
1776758400 126.22 135.46 132.74 132.23
1776844800 132.23 132.23 111.27 119.80
1776931200 119.80 129.75 103.51 93.26
1777017600 93.26 139.84 94.16 113.93
1777104000 113.93 113.93 99.41 126.96
1777190400 126.96 128.90 98.24 95.43
1777276800 95.43 129.68 95.40 136.20
1777363200 136.20 136.20 93.85 124.62
1777449600 124.62 124.62 115.16 128.73
1777536000 128.73 132.99 96.63 112.76
1777622400 112.76 115.00 108.23 133.54
1777708800 133.54 133.54 105.81 125.56
1777795200 125.56 125.56 96.83 111.61
1777881600 111.61 111.61 96.08 102.84
1777968000 102.84 137.43 100.21 135.44
1778054400 135.44 135.44 102.05 110.56
1778140800 110.56 110.56 97.27 136.03
1778227200 136.03 136.03 93.85 107.63
1778313600 107.63 110.10 99.42 96.18
1778400000 96.18 135.12 99.97 105.75
1778486400 105.75 136.38 103.28 130.26
1778572800 130.26 130.26 94.29 108.05
1778659200 108.05 126.83 112.75 130.08
1778745600 130.08 139.41 135.12 116.30
1778832000 116.30 130.67 117.94 109.43
1778918400 109.43 115.24 104.38 112.00
1779004800 112.00 129.75 95.39 134.53
1779091200 134.53 134.53 117.46 116.48
1779177600 116.48 116.48 95.89 109.02
1779264000 109.02 109.82 108.01 95.36
1779350400 95.36 113.30 94.05 139.81
1779436800 139.81 139.81 102.27 112.39
1779523200 112.39 121.76 114.00 116.51
1779609600 116.51 116.51 99.28 114.35
1779696000 114.35 120.04 108.71 100.27
1779782400 100.27 119.71 105.91 116.52
1779868800 116.52 131.00 129.23 123.58
1779955200 123.58 123.58 106.17 110.43
1780041600 110.43 114.29 105.96 127.04
1780128000 127.04 127.04 105.38 129.22
1780214400 129.22 129.22 109.10 108.87
1780300800 108.87 108.87 101.92 121.91
1780387200 121.91 122.00 93.76 112.61
1780473600 112.61 126.92 96.59 126.69
1780560000 126.69 138.62 100.98 124.76
1780646400 124.76 124.76 119.69 93.30
1780732800 93.30 115.37 100.28 130.26
1780819200 130.26 130.26 99.39 106.16
1780905600 106.16 106.16 93.63 127.20
1780992000 127.20 132.66 102.87 122.23
1781078400 122.23 122.23 108.31 119.08
1781164800 119.08 129.33 94.60 114.17
1781251200 114.17 129.49 93.63 125.26
1781337600 125.26 134.41 106.24 139.74
1781424000 139.74 139.74 94.75 104.01
1781510400 104.01 132.25 93.92 96.57
1781596800 96.57 108.84 105.84 98.27
1781683200 98.27 109.74 94.50 97.40
1781769600 97.40 133.47 97.79 97.67
1781856000 97.67 116.39 113.04 102.69
1781942400 102.69 122.28 122.16 125.93
1782028800 125.93 135.86 94.11 123.31
1782115200 123.31 126.13 117.50 109.82
1782201600 109.82 119.02 115.62 95.37
